[[100], [1.0], [0.01], [RANK], [DOUBLE_POINT], [DOUBLE_INVERT], [10000], [600000], [2000], [1.0], [1.0], [1.0]]
ID MIN_SELECTED AVG_SELECTED STDDEV_SELECTED AVG_GENERATIONS
 11 12.0 0.816496580927726 2764.4
1 11 11.9 0.8755950357709131 2620.2
2 11 11.9 0.7378647873726218 3002.6
3 11 11.8 0.7888106377466155 2981.7
4 11 12.1 0.8755950357709131 2310.9
5 11 12.1 0.5676462121975466 2622.0
6 11 12.0 0.816496580927726 2496.7
7 11 11.7 0.8232726023485646 2576.8
8 11 11.7 0.6749485577105528 2813.2
9 11 12.9 1.4491376746189437 2621.5



ID NUM_SELECTED NUM_GENERATIONS FEASIBLE
0 12 4000 true
1 14 2155 true
10 11 4112 true
11 12 2171 true
12 13 2532 true
13 12 2090 true
14 13 2585 true
15 13 2018 true
16 11 2826 true
17 11 2433 true
18 11 3413 true
19 12 2022 true
2 12 2291 true
20 12 2061 true
21 11 2492 true
22 11 3310 true
23 13 3282 true
24 11 4856 true
25 12 2042 true
26 12 4109 true
27 13 3389 true
28 12 2257 true
29 12 2228 true
3 11 4004 true
30 12 2027 true
31 11 3290 true
32 13 2325 true
33 12 2044 true
34 11 5808 true
35 13 5218 true
36 11 2528 true
37 11 2431 true
38 12 2053 true
39 12 2093 true
4 12 3016 true
40 12 2396 true
41 12 3381 true
42 12 2038 true
43 12 2194 true
44 12 2112 true
45 14 2031 true
46 11 2387 true
47 13 2024 true
48 12 2112 true
49 11 2434 true
5 12 2038 true
50 11 3216 true
51 12 2064 true
52 13 3493 true
53 13 3156 true
54 12 2185 true
55 12 2190 true
56 12 2040 true
57 12 2645 true
58 12 2428 true
59 12 2803 true
6 11 2393 true
60 12 2763 true
61 13 2212 true
62 12 4088 true
63 11 2113 true
64 12 2092 true
65 13 2037 true
66 11 3202 true
67 13 2136 true
68 12 2192 true
69 11 2132 true
7 12 3593 true
70 11 2491 true
71 11 3962 true
72 12 2089 true
73 11 2329 true
74 12 2164 true
75 12 2427 true
76 11 2449 true
77 13 3401 true
78 11 2332 true
79 13 2124 true
8 12 2039 true
80 12 2463 true
81 12 4236 true
82 12 3044 true
83 13 2188 true
84 11 2180 true
85 11 3709 true
86 12 2156 true
87 12 2183 true
88 11 2194 true
89 11 3779 true
9 12 2115 true
90 15 2020 true
91 12 3114 true
92 13 2036 true
93 13 2146 true
94 15 2178 true
95 14 3272 true
96 11 5114 true
97 13 2032 true
98 11 2215 true
99 12 2088 true
